68 69 70 71 72 73 74
66 65 64 63 62 61
223 149 138 141 220
178 152 222
188 216 172 160 150
36 35 34 33 32 14
18 5 17 16 15 4
39 40 41 42
38 37 67 19 8
207 92 118 179 192
100 221 122 105 129
20 7 6 3 13 12
187 157 214 101 162
289 281 265
175 120 191
43 44 45 46 47 23 24
287 272
112 99 174
280 288 264
156 168 126 185 154
279 282
76 75 77 78
286 270
278 251
21 22 9 10
218 132
90 97 113
271 263 262
165 125 164
256 248
31 30 29 28 27 26
277 276 250
257
98 103 196 123
131 219 211 182
60 59 58 57 56 55
217 147
136 193 142
269 232
241 233
2 1 11 0 49 25
255 208
171 198 86
146 140 134
213 197 183
240 239 163
249 155
273
254 104
284 283
261 245
246 153
268 267 151
275 259
91 110 133
135 94
253 148 167
260
139 169 114 186 128
145 117 224
285
79 80 81 82 83 50
212 107 124
266
247
48 84 51 52
158 206 177
238 230 236
244 243
95 200
109 127 159
237 235
274
54 53
111 203
252 195
229
88 137 85
225 194
89 93 106 170
242
144 189
227
234
96 190 215 210
184 180 205 115
143 173
228
166 161
202 181
116 108 199
130 176
87 119
121 102
209 204 201
226
231
258
