67 66 65 35 34
40 39 18 6 8
64 63 62 61 60 59
73 74 75 76 77
187 157 214 101 162
207 92 118 179 192
289 281 265
156 168 126 185 154
264 263 262
286 270
99 112 174
257 251
287 272
228
273 250
247
284 283
256 248
227
268 267 151
279 282
271 280 288
125 217
212 124 144
249 208
278
260 148
226
244
198 145 200
241 233
258
261 252
275 259
285
234
269
266
229
255
158 206 93
47 48 83 84
231
274
246 232
242
225 194
133 181 89
95 96
253
166 85 161
235 237
106 143
218 132
121 102
183 197 213
105 122 221 100 129
28 29 30 31 32 33 12
13 3 14 15 16 2
204 199 201 209
276 277
52 51
104 254
169 139 114 186 86
134 182 137 88
165 113 97
191 175 120
239 240
7 20 21
54 55 56 57 58 53
196 103 98 167
210 130 180
147 90
45 44 43 42 19 22
10 24 0 9 23 46
68 69 70 71 72 41
5 17 36 37 38 4
236 238 230
160 172 216 222
243 245
135 94
224 190 176
193 171 123
188 178 152 150
138 149 223 141 220
26 27 11 1 49 25 50
136 142 117
81 80 79 78 82
159 140 219 131 164
146 211
203 111 155
107 202 177
195 184 205 128
115 108 116 215
173 119
87 189
109 163 127
91 110 153 170
