188 141 223 149 220
65 64 63 62 61 60
67 66 37 36 17
72 71 70 69 68 38 5
40 39 18 6 8
216 222 138 160
99 112 172 98
41 42 43 44 45
289 281 265
187 157 214 101 162
19 20 7 22 23 24
178 152 136 168
16 15 4 3 14 2
207 92 118 179 192
35 34 33 32 31
273 251
287 272
175 120 191
156 126 185 145
73 74 75 76 77
280 288 264
257 250
278 282
21 9 0
271 263 262
113 165 97 129
131 219 211 182
218 132
249 208
270 261
277 276
284 283
286 268 236
279
100 221 122 105 80
59 58 57 56 55 54 28
285
241 233
269 248
13 12 11 1 10 49 25 26
146 140 164
90 125
174 171
183 197 213
193 142 150 123
30 29 27 53 52
91 110 155 177
111 203 163
147 135
256 232
255
275 267 148
78 79 46 47 82
239 238 104
260
253
217 94
254 153
139 196 103 86
252 243
247
198 154 117
212 107 124
246
231
48 81 83 50
230 237 159
259 235
158 206 93
240 245
169 114 186 184 167
151 224 96
258
202 181 170
133 194 134
266
244 176
127 109
200 95
228
166 89 85
225 106
144 137
274
234
84 51
173 143
189 88 161
116 108 205
128 115 210 121 215 199
130 180
195 190
226
242
87 119
229
201 204 209
227
102
