188 141 223 149 220
70 71 72 73 74 43 22
222 138 152 160
63 64 65 66 67 68
62 61 60 59 58 57 56
35 34 33 32 31
178 216 172 150
18 5 17 16 15 4
99 112 174
36 37 38 39 69
19 6 7 20 8
156 168 126 185 154
41 42 40 44
187 157 214 101 162
287 272
281 280 264
92 118 218 91 192
288 289 265
21 9 23 24
273 251
279 282
207 131 219 164
221 122 105 97
76 75 77 78
286 270
285
165 113 90
257 250
278
100 125 129 88
271 263 262
277 276
3 14 2 1 11 10 49
284 283
175 120 191
249 208
98 103 196 123
13 12 28 29 30 55 54 51
256 248
146 211
140 107 212
136 193 142
269 232
45 46 47 48 82
179 132 155 163
241 233
171 198 86
197 213 183
255
111 203 182
240 239
268 267 151
147 135
260 148
0 27 26 25 50 84
275 259
254 104
274
79 80 81 83
247
94 217
245 236 159
139 169 114 186 167
238 230 243
158 110
231
206 109 170
177 202 133
145 117 224
95 200
253
266
124 137 134
181 194
252 261
127 153 166
229
258
237 235
225 106
246
227
144 189
143 173
244 176
184 180 190
242
228
89 93 85 161
226
234
130 116 115
195 96
119 87
128 108 205 210 215 199
121 102
52 53
204 201 209
