188 141 223 149 220
178 138 222 172
68 69 70 71 72 73 74
67 66 65 64 63 62
152 216 99
38 37 36 17 5 4
39 40 41 42
35 34 33 32 31
187 157 214 101 162
18 6 19 20 8
100 221 122 105 129
156 168 126 185 154
289 281 265
61 60 59 58 57 56 30
16 15 14 3 2 12
288 280 272 251
207 92 118 179 192
75 76 77 78
175 120 191
273 250
287 282
43 44 45 46 47 23 24
112 160 174 150
7 21 22 10
279
286 270
165 113 97 182
218 132
257
264 263 262
271 261 268
278
285
90 125 80
131 219 211 155
249 208
256 248
277 276
284 283
9 0 1 11 27
13 29 28 54 55 53
98 103 196 123
197 213 183
217 147
136 193 142
241 233
255
269 232
91 110 153 163
164 140 107 159
146 111
171 198 86
240 239
247
254 104
275 267 148
94 135
203 177 202
246
253
260
274
139 169 114 186 167
79 81 82 83 84
145 117 151
212 124 144
231
238 230 236
245 243
252 235
259 195
266
158 206 93
95 200
48 49 25 26 50 51
237 161 89
244 176
258
134 181 133
109 127 170
229
137 88 85
194 225
224 96
166 106
228
242
143 173
227
234
189 119
52
184 180 190
226
205 116 108
130 210 201
128 115 121 215 199
87
102 204 209
